2.12159 4.08031
2.12483 4.07925
2.128 4.08124
2.13198 4.08391
2.18678 4.09096
2.33034 4.10555
2.48244 4.10412
2.68885 4.09651
2.96679 4.10337
3.24501 4.11237
3.53217 4.10733
3.81818 4.09667
4.05016 4.09069
4.07724 4.09283
4.26116 4.08537
4.63428 4.00524
5.03654 3.77228
5.30961 3.52126
5.56834 3.19197
5.84126 2.88198
6.09557 2.57215
6.3195 2.32441
6.56886 2.03828
6.8016 1.75188
7.03448 1.49463
7.27915 1.17318
7.6311 0.800671
8.01273 0.478918
8.48893 0.209895
8.92123 0.0759332
9.3083 0.0268099
9.78315 0.017748
10.2382 0.0736426
10.6644 0.141694
10.9995 0.24421
11.3151 0.377291
11.5822 0.522253
11.7911 0.685983
11.9642 0.872936
12.1192 1.13192
12.2186 1.4277
12.2404 1.68766
12.2378 1.99848
12.1999 2.26116
12.188 2.51595
12.15 2.83187
12.0644 3.03936
12.0442 3.26854
12.0488 3.64704
12.0975 4.0358
12.1356 4.22168
12.1778 4.339
12.1769 4.34106
12.1868 4.37125
12.1635 4.2893
12.098 4.47115
11.955 4.64093
11.796 4.7291
11.7302 4.67013
11.7562 4.70053
11.7607 4.70512
11.7324 4.72418
11.5139 4.69743
11.1846 4.64345
10.9989 4.54401
10.8763 4.49208
10.6283 4.41663
10.3184 4.42684
10.0446 4.3662
9.80713 4.28223
9.5008 4.21294
9.18123 4.11491
8.83181 3.97438
8.5173 3.7437
8.27452 3.55556
8.03495 3.38769
7.65224 3.22495
7.24298 3.13474
6.88117 3.17379
6.65771 3.23297
6.19909 3.28904
5.72058 3.37872
5.22215 3.47607
4.80263 3.64129
4.38325 3.78037
4.03829 3.92231
3.66337 4.05342
3.13853 4.23104
2.81807 4.22036
2.47387 4.13545
2.0349 3.94674
1.66724 3.67668
1.47139 3.42149
1.2424 3.08113
1.10573 2.81512
1.00423 2.55835
0.9156 2.26126
0.858779 1.9768
0.808432 1.65429
0.784887 1.33904
0.80066 1.05258
0.912651 0.620707
0.981528 0.43273
1.0134 0.377983
1.14468 0.245263
1.33203 0.127406
1.53437 0.0789386
1.75035 0.0779393
1.81717 0.0789278
1.97894 0.080126
2.25664 0.0867681
2.50653 0.0870426
2.76681 0.0881787
3.01037 0.0899415
3.213 0.0916108
3.42131 0.112448
3.70734 0.158076
3.97428 0.212521
4.28912 0.30897
4.55567 0.408374
4.73578 0.47029
4.9799 0.554535
5.16369 0.622241
5.25061 0.650039
5.38645 0.687645
5.50633 0.718321
5.69914 0.749869
5.9069 0.772436
6.19708 0.765551
6.4623 0.732094
6.83748 0.680845
7.18436 0.583912
7.564 0.47055
7.94501 0.332246
8.3655 0.194554
8.8144 0.0437625
9.30435 -0.0407745
9.81643 -0.121715
10.3523 -0.12528
10.8722 -0.0446165
11.4047 0.161253
11.8066 0.490201
12.0725 0.85488
12.1735 1.11921
12.2041 1.56007
12.1577 2.07639
12.0044 2.50256
11.8852 2.97882
11.7792 3.43941
11.892 3.82614
12.0238 4.1935
12.1178 4.58749
12.3732 4.98572
12.6429 5.40507
12.7817 5.68651
12.8321 6.15484
12.8467 6.29996
12.8385 6.4066
12.8409 6.52623
12.8217 6.68454
12.8081 6.8279
12.7598 7.12909
12.7513 7.23005
12.584 7.35926
12.4089 7.51888
12.246 7.56561
12.3103 7.56704
12.1169 7.51848
12.0366 7.44728
11.9575 7.37611
11.8244 7.16791
11.7483 6.93217
11.7259 6.61036
11.7145 6.24398
11.768 5.8577
11.841 5.52474
11.8649 5.3779
11.8154 5.10895
11.6847 4.83012
11.5025 4.62221
11.2732 4.47258
10.996 4.37706
10.5954 4.34342
10.3133 4.32098
10.0153 4.335
9.75638 4.30598
9.36945 4.18802
9.04414 3.99357
8.76669 3.78561
8.46349 3.54088
8.15377 3.27246
7.8628 3.00079
7.58289 2.79531
7.25524 2.59796
6.8694 2.20598
6.61527 1.86807
6.36386 1.5811
6.19022 1.32498
5.94951 1.1113
5.70962 0.924717
5.49176 0.768932
5.30931 0.653754
5.08157 0.509395
4.79832 0.382864
4.51506 0.225448
4.24603 0.0883583
4.08428 0.0492616
3.76608 -0.0580194
3.22959 -0.204091
2.83841 -0.139282
2.38878 0.0103784
1.93326 0.196322
1.55255 0.448057
1.23041 0.744932
0.968246 1.13455
0.831936 1.54235
0.805292 1.98891
0.916152 2.47669
1.15961 2.94671
1.45693 3.31945
1.84333 3.67645
2.22241 3.86972
2.79284 4.00988
3.31995 4.03645
3.66118 3.96511
3.93165 4.00743
4.28256 3.92445
4.67284 3.81789
5.0573 3.68711
5.40593 3.55095
5.77494 3.39194
6.1498 3.17473
6.59487 3.04387
7.08971 2.99969
7.44055 3.06688
7.8968 3.279
8.29498 3.61109
8.43467 3.75015
8.62361 3.92572
8.98118 4.30537
9.29336 4.60685
9.58179 4.7636
9.95066 5.05438
10.2578 5.24184
10.556 5.56164
10.776 6.01134
10.8819 6.43323
10.8965 6.90644
10.8505 7.25316
10.79 7.49847
10.7368 7.83746
10.7277 8.15667
10.7347 8.22562
10.7329 8.22788
10.8224 8.32702
11.0056 8.43162
11.1803 8.47637
11.4351 8.48898
11.6558 8.42982
11.8626 8.31435
11.9895 8.17803
12.0189 8.10587
12.0438 7.87175
11.9913 7.5596
11.9477 7.40923
11.9567 7.09182
11.8799 6.7538
11.7902 6.33239
11.7778 6.11283
11.6843 5.69766
11.7003 5.20061
11.6683 4.69126
11.6018 4.39981
11.6337 4.13444
11.6564 3.69804
11.7277 3.27238
11.8362 2.82051
11.953 2.38145
12.028 2.11784
12.0526 1.84467
11.9732 1.56043
11.8317 1.27945
11.708 1.05368
11.4881 0.868796
11.1507 0.741887
10.7411 0.665057
10.2676 0.690836
9.86925 0.908517
9.59887 0.743881
9.26861 0.821625
8.95818 0.922256
8.62778 1.06899
8.23075 1.21177
8.0496 1.37818
7.72261 1.62691
7.43217 1.89956
7.18612 2.16322
6.96115 2.47977
6.69163 2.75248
6.41543 3.10925
6.10247 3.46668
5.61536 3.80549
5.24898 4.11175
4.69425 4.42946
4.18733 4.60076
3.69198 4.7244
3.14199 4.654
2.61745 4.48356
2.25913 4.19637
1.81941 3.80042
1.41486 3.35601
1.11955 2.91229
0.966648 2.41266
0.997 1.85813
1.15013 1.40819
1.49609 1.00875
1.88018 0.701533
2.36388 0.574348
2.93323 0.598727
3.4865 0.669365
4.05821 0.811461
4.63994 0.990777
5.11052 1.25778
5.52213 1.53824
5.92354 1.83512
6.25235 2.0874
6.42713 2.32601
6.58794 2.45895
6.76859 2.56318
6.82243 2.61606
6.82367 2.62441
6.82401 2.63135
6.82698 2.6546
6.82442 2.65405
6.83326 2.66935
6.82784 2.6703
6.87425 2.57922
6.87307 2.57872
6.86961 2.58181
6.868 2.58763
6.86528 2.60794
6.8676 2.63156
